9.33803
8.54216
8.53766
8.45514
8.43049
8.27320
8.18162
8.14756
8.13843
7.97758
7.96826
7.95820
7.95637
7.95399
7.94879
7.94694
7.94442
7.82943
7.43908
7.43035
7.42153
7.38795
7.37937
7.37087
7.33525
7.32651
7.19942
7.19692
7.18943
7.07574
6.90570
6.90325
6.89819
6.89569
6.14956
6.14458
6.14269
5.98653
5.97997
5.97741
5.96796
5.94099
5.93401
5.23978
5.23537
5.18316
5.15595
5.12658
4.97840
4.97635
4.65416
4.64481
4.61890
4.57946
4.57121
4.56491
4.49569
4.47975
4.47109
4.44309
4.40266
4.37785
4.28850
4.27042
4.26279
4.25700
4.25498
4.24920
4.24704
4.24140
4.22574
4.21017
4.18989
4.18289
4.17910
4.17193
4.15998
4.15675
4.15351
4.13381
4.13122
4.12862
4.12354
4.12041
4.11229
4.10413
4.07057
4.06707
4.06356
4.03269
4.00404
4.00001
3.99806
3.99495
3.99157
3.98848
3.98547
3.98365
3.98094
3.97153
3.96022
3.95148
3.94602
3.94348
3.94050
3.93882
3.93220
3.91107
3.90857
3.90632
3.90029
3.89662
3.89407
3.88476
3.87209
3.86725
3.86096
3.85876
3.85469
3.85202
3.84964
3.84542
3.84069
3.83885
3.83623
3.83334
3.83025
3.82741
3.82425
3.82149
3.81420
3.80751
3.79930
3.79072
3.78809
3.78181
3.77895
3.77548
3.77367
3.77129
3.76689
3.76151
3.75851
3.75290
3.74624
3.74029
3.73608
3.73334
3.72992
3.72788
3.72575
3.72245
3.71923
3.71661
3.71037
3.70548
3.69940
3.69621
3.69036
3.68527
3.68193
3.67652
3.67443
3.67143
3.66516
3.66054
3.65677
3.65315
3.64840
3.64498
3.63720
3.63134
3.62572
3.61577
3.61446
3.61063
3.60361
3.59799
3.59511
3.59277
3.58968
3.58687
3.58393
3.56251
3.54652
3.54260
3.53482
3.53088
3.50349
3.49962
3.49261
3.48180
3.47944
3.47751
3.47510
3.47072
3.46759
3.46587
3.46335
3.45903
3.45634
3.43145
3.42372
3.41835
3.41590
3.40695
3.39587
3.37131
3.36241
3.35524
3.35207
3.34643
3.34071
3.33287
3.32077
3.31582
3.30388
3.29752
3.29376
3.28998
3.28264
3.27972
3.26912
3.26128
3.25743
3.25353
3.24809
3.24629
3.23702
3.22806
3.21934
3.21058
3.20196
3.19278
3.18759
3.18486
3.17702
3.15011
3.13963
3.13060
3.12231
3.11288
3.06689
3.05775
3.05399
3.04284
3.03731
3.03035
3.02643
3.02146
3.01739
3.00829
2.99458
2.98881
2.97800
2.97207
2.96386
2.95821
2.95223
2.94366
2.93563
2.92704
2.88657
2.86217
2.85477
2.82671
2.82230
2.81250
2.80620
2.80185
2.73104
2.72195
2.69838
2.69187
2.68146
2.67537
2.67108
2.66515
2.66117
2.65893
2.65084
2.64285
2.63497
2.58114
2.57214
2.56341
2.55929
2.55580
2.55384
2.54996
2.54802
2.54102
2.53133
2.52261
2.51998
2.51582
2.51177
2.50759
2.50435
2.50110
2.49669
2.49348
2.47977
2.47087
2.46315
2.46062
2.45622
2.45240
2.44818
2.44602
2.43812
2.42905
2.42030
2.41525
2.41321
2.40753
2.40475
2.40220
2.39664
2.39367
2.38895
2.38516
2.37672
2.37427
2.36650
2.35881
2.35685
2.35120
2.34860
2.34158
2.33759
2.33270
2.33068
2.32290
2.30648
2.29783
2.28910
2.28441
2.27940
2.17724
2.16851
2.16046
2.15177
2.14562
2.14260
2.13800
2.13418
2.12840
2.12601
2.12436
2.11916
2.11599
2.11044
2.09058
2.08626
2.08228
2.07649
2.07404
2.06841
2.06664
2.05884
2.05589
2.05032
2.04605
2.04268
2.04086
2.03269
2.03012
2.02361
2.01480
2.00668
1.99785
1.98996
1.98083
1.91955
1.91153
1.90461
1.89858
1.89337
1.88489
1.75082
1.74460
1.73617
1.72947
1.72627
1.71931
1.71167
1.70469
1.69760
1.68767
1.68278
1.67288
1.60597
1.48407
1.47557
1.40622
1.39761
1.33285
1.32498
1.27916
1.26934
1.25957
1.25282
1.24334
1.23471
1.21328
1.19335
1.18501
1.17853
1.17672
1.17110
1.04598
1.03770
1.01401
1.00571
0.99338
0.98512
0.97945
0.97050
0.96335
0.95944
0.95217
0.94775
0.94186
0.93901
0.93386
0.93033
0.89448
0.88529
0.86147	